acc_ep8_gs42192 = 0.90546
macro_f1_ep8_gs42192 = 0.9054552339983459
micro_f1_ep8_gs42192 = 0.90546
train_time = 03:50:34
val_loss_ep8_gs42192 = 0.6113457674794185
weighted_f1_ep8_gs42192 = 0.9054598791717892
