acc = 0.90546
macro_f1 = 0.9054495758157337
micro_f1 = 0.90546
val_loss = 0.6300929713508358
weighted_f1 = 0.9054564458495549