acc_ep3_gs2500 = 0.884
macro_f1_ep3_gs2500 = 0.8839859623014386
micro_f1_ep3_gs2500 = 0.884
train_time = 00:28:52
val_loss_ep3_gs2500 = 0.5681935921311378
weighted_f1_ep3_gs2500 = 0.8839859623014386
