acc = 0.8502251015702207
macro_f1 = 0.8533580327037795
micro_f1 = 0.8502251015702207
val_loss = 0.9096482619643211
weighted_f1 = 0.850458950191281