acc_ep6_gs2499 = 0.8489074338420994
macro_f1_ep6_gs2499 = 0.8552895279156455
micro_f1_ep6_gs2499 = 0.8489074338420994
train_time = 01:08:53
val_loss_ep6_gs2499 = 0.7738115677817
weighted_f1_ep6_gs2499 = 0.8492875595477465
